Low Priority Execution Time
2617, 1711, 12558, 5377, 12886, 4554, 11478, 9801, 3431, 6264, 9274, 6363, 5907, 11010, 2969, 4110, 10549, 4348, 4537, 12611, 3254, 3350, 12114, 4377, 3080, 9438, 9949, 7617, 4671, 8259, 11735, 3022, 3281, 10163, 8640, 3958, 12160, 4368, 3400, 10614, 5647, 9901, 10345, 7103, 11926, 11382, 3088, 3499, 6158, 3236, 3169, 10243, 2955, 6808, 11351, 3238, 3497, 11420, 3817, 7494, 11759, 4313, 4909, 10546
1903, 1883, 10671, 11616, 12045, 12132, 4115, 3444, 10721, 4818, 4270, 7961, 8045, 5678, 10360, 9816, 3711, 5591, 9734, 10950, 6655, 10398, 3923, 3533, 10039, 4331, 11299, 9743, 9191, 4933, 4065, 12087, 2846, 5819, 8987, 3998, 3750, 9609, 4173, 12546, 8933, 4141, 8335, 5411, 3842, 8765, 7577, 4729, 4256, 7576, 13362, 12121, 10820, 9971, 6669, 11249, 11674, 9104, 5665, 6928, 11878, 8440, 11058, 11418, 12218, 12434, 11622, 4318, 3188, 11370, 7995, 4482, 3610, 9580, 7735, 2693, 6990, 12198, 3094, 5111, 11705, 2726, 2761, 12547, 2680, 3015, 9698, 3193, 2839, 11715, 3527, 9825, 10512, 2925, 11503
5971, 6811, 11517, 6832, 10307, 10347, 9099, 8607, 9639, 8482, 5029, 7483, 8884, 3066, 1883, 10793, 11042, 4046, 11166, 9388, 12958, 4713, 11447, 4285, 12298, 5055, 11301, 10616, 5240, 11277, 3171, 4530, 10571, 9714, 4030, 3081, 3785, 11582, 3807, 12378, 5856, 11307, 6367, 10868, 11476, 11568, 12353, 2797
7235, 12144, 5352, 10070, 5557, 7741, 10836, 11351, 4965, 8305, 11928, 5150, 5724, 11358, 11306, 6041, 5386, 5382, 6002, 10958, 5213, 10331, 5842, 11347, 4851, 5788, 10268, 9286, 11889, 6829, 5475, 9699, 10962, 9194, 2967
2980, 1804, 12207, 3455, 10311, 3885, 3609, 10770, 2172, 5931, 10921, 8776, 3046, 2467, 11031, 2501, 3587, 9540, 2705, 3799, 10203, 2615, 2631, 9574, 2713, 2905, 10436, 3859, 3089, 10727, 3143, 8846, 2695, 11512, 6884, 10121, 12579, 11020, 4799, 11726, 11964, 10300, 11819, 10702, 11688, 8506, 11838, 9792, 5329, 10586, 11764, 5242, 11217, 3483, 10458, 8687, 3070, 5873, 8845, 3585, 4239, 11848, 9184, 8885, 5066, 6476, 10194, 8818, 4156, 9471, 4393, 4473, 11251, 8080, 4240, 4643, 12132, 4399, 4702, 9162, 4062, 9399, 9200, 6895, 4430, 11270, 4339, 4722, 10053, 8491, 5499, 10667, 4411, 8217, 3681, 10154, 10468
8465, 9385, 10516, 5078, 12687, 12537, 11576, 3051, 7459, 12359, 4516, 3317, 4113, 10324, 7168, 12089, 3442, 10042, 3118, 11557, 3821, 10834, 3748, 10176, 4794, 11239, 8054, 10887, 2669
4249, 10052, 10302, 11511, 3667, 9038, 8879, 12363, 2691
3020, 11056, 7465, 10924, 10508, 5607, 12102, 7290, 11072, 5685, 11086, 3494, 6113, 13188, 9416, 10808, 6046, 3238, 12117, 4585, 7972, 4973, 5117, 11288, 3778, 7257, 11925, 4112, 11464, 5318, 4501, 5293, 9425, 7389, 4745, 5798, 8788, 5598, 4274, 4261, 11652, 5226, 10733, 5258, 8094, 12530, 5386, 5258, 10391, 9367, 6382, 6135, 4253, 10448, 2732
6386, 13024, 11888, 9752, 2816
4352, 11786, 2290, 3041, 9713, 3108, 6377, 9055, 12495, 2932, 2983, 12214, 3259, 11263, 9987, 3333, 9986, 10032, 2825, 11383, 3104, 9021, 5800, 3382, 11245, 4550, 11942, 4331, 4882, 8611, 4078, 4772, 11455, 6699, 9489, 5854, 11234, 9087, 4785, 4195, 4666, 12853, 9437, 7424, 4894, 9640, 9720, 6427, 4448, 10007, 9362, 11827, 2706
3587, 11253, 8043, 6476, 5833, 11916, 9898, 6113, 11923, 11629, 4391, 11068, 9133, 8433, 3393, 11486, 10342, 8088, 9791, 5991, 11285, 4569, 8462, 6752, 9247, 9995, 10926, 3557, 11519, 6610, 11155, 11974, 6090, 3102, 3921, 12055, 12302, 3235, 3620, 12657, 3224, 3419, 11478, 3290, 8747, 12166, 3171, 3793, 10807, 10646, 3623, 9319, 12490, 4599, 5458, 11390, 3787, 12204, 10974, 11986, 10453, 11420, 8663, 4710, 10482, 3040, 2926, 11648, 2623
3723, 13506, 3147, 9924, 2973, 4020, 11599, 4088, 3567, 10179, 3017, 3525, 11712, 3134, 3246, 7518, 3887, 5890, 9955, 3599, 6147, 10081, 2937, 3762, 3681, 5206, 10926, 3309, 5687, 9776, 4513, 5210, 10150, 3904, 3461, 3916, 10913, 2738
4403, 11073, 2957, 5557, 11083, 10434, 11145, 11026, 6812, 10675, 10020, 4212, 9203, 11654, 2567
3949, 9797, 5684, 11669, 12179, 11364, 13099, 11976, 9120, 10995, 10558, 8775, 10847, 4042, 6095, 12520, 4147, 12331, 2698, 6567, 10034, 3104, 5573, 12525, 2679, 11071, 2678, 2718, 12014, 2610, 3149, 10944, 2718, 8939, 2252, 9484, 11752, 1636, 9587, 10696, 3208, 2634
3030, 12238, 4162, 12078, 3214, 4806, 10412, 5577, 3640, 9328, 12171, 7918, 4891, 4960, 12126, 4965, 3048, 8342, 11861, 7438, 3858, 6748, 4019, 3948, 7667, 9510, 9278, 3413, 5420, 7724, 4873, 6486, 9396, 11576, 3765, 3659, 7052, 9718, 5640, 7267, 11634, 2978, 3849, 3408, 4567, 10816, 5447, 2696
