Low Priority WCET
19366
16464
19708
16918
19819
21342
19043
18069
20779
21579
24176
20292
17123
19998
18068
21479
21864
21674
