High Priority WCET
37237
55165
52446
57206
57143
51399
53856
55470
